0.0 0.0 0.0 0.0 0.0 0.0 0.0 0.0 0.0 0.0 0.0 0.0
0.0 0.0 0.0 0.0 0.0 0.0 0.0 0.0 0.0 0.0 0.0 0.0
0.9999279154786165 -0.003015206473732401 0.01162206421036871 0.02246953065645314 0.0030090102886217163 0.9999953213434565 0.0005505890301196666 0.0025558524377429256 -0.01162366997432996 -0.0005155784303889232 0.9999323099466331 0.9997442612040316
0.9998705101985405 -0.00568976960425393 0.015052885343395266 0.14787777551157763 0.005693075169609873 0.9999837786949092 -0.0001767545298129153 0.011475356083238736 -0.015051635473398663 0.00026242884968324487 0.9998866832799976 1.9918093873812774
0.9998374932053304 -0.008428355747538713 0.015935808742391543 0.2156817775760834 0.008454403595902023 0.9999630317132605 -0.0015678860489546326 0.010442955663474906 -0.015922004921452543 0.0017023590155535145 0.9998717876473278 2.9895075137969833
0.999857540268974 -0.00955917798961573 0.013911192739680596 0.241214553859285 0.009605752195400153 0.9999484677960571 -0.0032850079267052047 0.021544240706384964 -0.01387907388979079 0.0034181674155591897 0.9998978385012544 3.9891198580613327
0.999901189334803 -0.012146701553906042 0.0070759598788589445 0.2600930583492793 0.012181919873376844 0.9999135180675209 -0.004955523588089897 0.036772104268587257 -0.007015154670106832 0.005041232705779062 0.9999626860927162 4.988825671908362
0.9998716663738774 -0.014259482755895026 -0.007301913054828428 0.31695516217620995 0.014201663201486105 0.9998678638397297 -0.007909969841100168 0.07441249924624913 0.007413740286623377 0.007805255416056526 0.999942055542646 5.986497913586109
0.9994522483266893 -0.014545951076605518 -0.029725723237680773 0.5303349118796812 0.01428706683875142 0.9998582979075955 -0.008903023445500721 0.06763466868510762 0.029851013983971816 0.008473453404783513 0.9995184428271072 6.963443737789973
0.9988270549283661 -0.010129764000295366 -0.0473487299135407 0.37680783290958186 0.009747456206574115 0.9999180598217202 -0.008298237154205126 0.04817924297968452 0.04742890933416077 0.007826974106562279 0.99884395029239 7.9513966326354355
0.997659682985376 -0.007842129990734532 -0.06792391289323697 0.26416573712337743 0.007236863757209003 0.9999319280833889 -0.009152431501832389 -0.011454231768099149 0.06799106373987121 0.008639455807198163 0.9976485228049383 8.943241180408117
0.9960888201011618 -0.007262164766904177 -0.08805863633042635 0.1464689338222825 0.006382694497451005 0.999926944958111 -0.010264792140664501 0.001109228806502079 0.088126747814884 0.009662593318418502 0.996062402969781 9.936211281645356
0.9937807505699396 -0.008817431356255125 -0.11100483188098689 0.057756069761554674 0.0076892074973042915 0.9999143842838029 -0.010587737737910791 0.013708221128138165 0.11108868477352606 0.009668350770481938 0.9937634663785276 10.932188838190996
0.991785146967992 -0.009421257409089737 -0.127567480819019 -0.14949230758311405 0.008387264358422542 0.9999274976347235 -0.008640212412997854 -0.014447342137844524 0.12763963354013919 0.00749929215269215 0.9917922587754694 11.910071946923924
0.989542039119029 -0.007756816762522177 -0.14403605315984963 -0.3645519318073701 0.006708934519597507 0.9999473894319034 -0.007759417886215102 -0.03428105607139028 0.14408866372399354 0.006711941748390803 0.989542018725936 12.886471446012347
0.9874255910885039 -0.006997727344660234 -0.15792952186190207 -0.573427077275244 0.0061782832889286515 0.999964788117831 -0.005679026330570456 -0.08455010950688521 0.15796370114403155 0.0046318826055223965 0.9874340559168537 13.863120920426006
0.9852634159809844 -0.0063406247622703575 -0.17092629290751873 -0.884347838905523 0.005409452265200832 0.9999678866629056 -0.005912991553624799 -0.08526162498366062 0.17095829595451992 0.0049012366344400905 0.9852660751917628 14.81355649095826
0.9831593079300972 -0.007731050074337278 -0.182586982271907 -1.1057599390224624 0.006621633089483833 0.9999557316277152 -0.006684965228764935 -0.10381987118882671 0.1826305812443298 0.005363361784328593 0.9831669772448264 15.788560220909893
0.9816174295627846 -0.010363879038695869 -0.19057757472961911 -1.370293521598403 0.00897624250405725 0.9999265562466624 -0.008143045081562517 -0.16053152699886775 0.19064797153146035 0.006282684455169271 0.9816383645859489 16.751267742322717
0.9801285155386589 -0.011179731587026018 -0.19804824318742953 -1.56392659504109 0.009591292335800332 0.9999136980199644 -0.008977952069934405 -0.20090231372005668 0.19813152232624232 0.006900008237879896 0.9801511565809647 17.731510789963785
0.9782085020408243 -0.010611618004838319 -0.20735361124987864 -1.7322333488263033 0.008226209834462496 0.9998897375567303 -0.012362936564343651 -0.16048614925889354 0.20746193869431961 0.010387795341357423 0.9781879357777524 18.71641655717227
0.9764469045046799 -0.010594103698246267 -0.21549758154109208 -1.990737404005015 0.007344254887333745 0.999846997908296 -0.015875852541485467 -0.1574221985739067 0.21563280038848104 0.013919257904064612 0.9763753118837151 19.68242187064749
0.9745674120719869 -0.01716276872547059 -0.2234363414867563 -2.1925786188104026 0.013973993257605878 0.9997768074853026 -0.015844959038572515 -0.22253498436959013 0.223658415535268 0.012319682795168384 0.9745897283349954 20.659673347562116
0.9727333153277452 -0.023480337716992306 -0.23073484997327365 -2.3868989863232692 0.020145569230214905 0.9996559245358203 -0.016798469597780523 -0.2661406961668706 0.2310498935119503 0.011692146130321754 0.9728716464297764 21.6396417841295
0.9705240725309039 -0.024329270736689633 -0.23977304106894545 -2.579268566226988 0.020312430848177757 0.9996091127275759 -0.01921007300947491 -0.28335734854743627 0.24014668390603935 0.013773464974801537 0.9706388936527945 22.620813293911798
0.9687700359319092 -0.015592471763267184 -0.24747018467847642 -2.8300259417608267 0.009845969211796587 0.9996527712292275 -0.024441642007210967 -0.3476401294007164 0.24776536152329212 0.021241746586378896 0.9685871741000871 23.586726572990802
0.96678011293771 -0.009106442520641602 -0.25544722729512553 -3.0954081657360493 0.0020165105558461846 0.9996058005639042 -0.028003163467311937 -0.407279559357018 0.2556015393406839 0.02655778950923891 0.9664173719998291 24.549023519672257
0.9456733093952843 -0.007699008865654722 -0.32502725602610355 -2.369298651404206 -0.007627932579515466 0.9989189693160404 -0.045855287428432284 -0.2490823268048897 0.325028931853664 0.04584340741118888 0.9445922800102687 25.21815624851581
0.9427720404273195 -0.00959028491734184 -0.33330002433800204 -2.6861780393937003 -0.006836446709311719 0.9988202198558233 -0.04807734813359464 -0.33123359126260365 0.33336787905390497 0.04760456745284261 0.9415942132217724 26.16305763131478
0.9367003904887417 -0.003499976513758907 -0.3501144507480983 -2.437293967986394 -0.015474369599908661 0.9985591494704769 -0.05138257383867425 -0.42698888454689315 0.34978982595799507 0.05354787739214769 0.9352965853049344 27.126845804518705
0.9331528821447581 0.000307567877099484 -0.3594796293907793 -2.706690119291042 -0.022543409151982878 0.9980814184723785 -0.05766521311826173 -0.41544216668349565 0.3587722024470917 0.06191435618795693 0.9313694858911219 28.089806025383943
0.9310313913879151 -0.0011021991636769215 -0.3649374376619727 -3.2164697563929705 -0.02299851339899645 0.9978304955471713 -0.06168768546092716 -0.536546545132135 0.36421369638128426 0.06582619017605125 0.9289861656963395 28.941544512900386
0.92853691984773 -0.004716752278981674 -0.37121010321329945 -3.5591003200204323 -0.022359599101247057 0.9973934330738939 -0.0686031193832139 -0.6045467430983723 0.37056610315532185 0.07200063825421685 0.9260111615327665 29.87855052672574
0.9272450070266001 -0.004407547196767226 -0.3744292596365144 -3.979028114255539 -0.025997401062737374 0.9967601652445311 -0.07611378403208306 -0.714575896876548 0.3735516458031241 0.0803103138420437 0.9241263016538206 30.779413575666972
0.9249315851747287 -0.005458834741970673 -0.3800944144149224 -4.3149539490352105 -0.029094849780209837 0.9959472088999689 -0.0851037414020848 -0.7857652587053098 0.37901853841524613 0.08977392832902892 0.9210242067014001 31.718607862430893
0.922156903680135 -0.007871761765494796 -0.38673593104568493 -4.573247259796203 -0.030858273620681644 0.9951094043693526 -0.09383517615919716 -0.8701941994989136 0.38558321014304575 0.09846475868240134 0.917404098177787 32.68097801968464
0.9197251576933827 -0.007676710249439409 -0.39248783729642894 -4.871800165752074 -0.034853361905559654 0.9942635882823427 -0.10111953411583952 -0.9378678843194406 0.39101263083148824 0.10668170009739389 0.9141816763611958 33.63296879418201
0.91804324543483 -0.007934154091745117 -0.3964008687053206 -5.394387673499897 -0.03747143026478503 0.9935882552260373 -0.10666897857762861 -1.0289247086167777 0.394705575619848 0.11278044278921528 0.9118596823518799 34.480678031771646
0.916416024046757 -0.0074820963497064345 -0.4001570805378155 -5.832264721547706 -0.04084734045146378 0.9928558486157494 -0.11211047519097737 -1.127278656572991 0.39813711915416283 0.11908518843129913 0.9095633855031238 35.374316768462464
0.9137005874667237 -0.005262252640331929 -0.40635396535546886 -6.130625361991609 -0.04647121754515602 0.992004086713656 -0.11733847571568287 -1.2638719153509297 0.4037222589885709 0.12609599771823937 0.9061501735124292 36.3189453779648
0.9114165929990059 -0.0012982213681279975 -0.4114828169284403 -6.573975490733096 -0.053342164650086205 0.9911843020269242 -0.12127775099269503 -1.3694800862712435 0.4080127540611051 0.1324839387876213 0.9033125696495031 37.20905075238952
0.9097621393618622 0.0016236323142274816 -0.415126744021433 -7.039451750624519 -0.0578194757635834 0.990740992945755 -0.12283807682998023 -1.5215938678171343 0.41108363869917314 0.1357558422867013 0.9014325228650643 38.08094136992208
0.9073675993252694 0.0028528399601624814 -0.4203283252397576 -7.5218609221114985 -0.05965889247470744 0.9907278437070851 -0.12206209998277667 -1.6315220673831545 0.41608275167734204 0.13583151698952475 0.8991245424016265 38.94996218797273
0.9046272406391013 0.007201854881046515 -0.42614280327134296 -7.919147739572491 -0.06493185216656311 0.99051442296452 -0.12109926702291984 -1.8007844563238904 0.4212284535354959 0.13721993727422047 0.8965139590360833 39.85191198056752
0.9017477424087922 0.0067169411979035535 -0.4322104716010377 -8.396062636649152 -0.06423310775341379 0.990860567907399 -0.11861468220490268 -1.9279283585773648 0.42746358550054947 0.13472274368930987 0.8939377301601255 40.721616878257606
0.8985742929435724 0.009671206567342857 -0.43871483656754967 -8.939720680441425 -0.06735631846708838 0.9909493635739008 -0.11611410420377813 -2.00986678178773 0.43362122459990343 0.13388736533376605 0.8910930405858084 41.55691444572788
0.8956703112568335 0.01590589033380589 -0.44443413031154244 -9.533703935275893 -0.07258213338107976 0.9911886214813341 -0.11080140143422593 -2.1107046121760535 0.4387556580227072 0.13149950303566219 0.8889327045701678 42.35504703179289
0.8915754243159841 0.02017832267248939 -0.45242247739242447 -10.003596960458498 -0.07587728624293463 0.9915408891610493 -0.10530575745954494 -2.225328771767092 0.4464704919568382 0.1282166152097517 0.88556456534573 43.23029662300833
0.887237050587884 0.022252271612445418 -0.4607767924626837 -10.496766060518807 -0.0775656243230144 0.991811498466844 -0.10145701273120548 -2.290820143465394 0.4547460719868764 0.1257568603180155 0.8816979199790937 44.09776138827478
0.8826393923138723 0.01591253344345045 -0.4697813261669842 -10.990578313740958 -0.06970894727616395 0.9928066563285369 -0.0973427235051745 -2.3501992680497144 0.46485305829417506 0.11866648401788435 0.8773995097818235 44.965300193246215
0.8776035921183492 0.015471370287186056 -0.47913732040241624 -11.436221072295723 -0.07009926796115588 0.9928773632393226 -0.09633604828020878 -2.453711126808522 0.4742341486357562 0.11813203743427561 0.8724372722433084 45.854506483622075
0.8731121472379967 0.015623109913080939 -0.4872690189023916 -11.944948660529777 -0.0708109108929886 0.9929512113580182 -0.09504581401174697 -2.5429192032026684 0.4823494513772771 0.11748961783618947 0.868064050895292 46.71079975118619
0.868441659263024 0.016755030701242884 -0.4955081769281783 -12.439885115269966 -0.07226819392114299 0.993032338700393 -0.09308105308069024 -2.6448074263606505 0.49049606787808403 0.11664494520310041 0.8636015077306788 47.57373468254018
0.8641376816904326 0.017583599195963463 -0.502948192284256 -12.96036600410948 -0.07321496531803258 0.9931492317065321 -0.09107234714341336 -2.738747465563644 0.49790123110529066 0.11552238138147308 0.8595050572648117 48.42242479877069
0.8595723227163896 0.018875437852654806 -0.5106653893361314 -13.461197120769484 -0.07335117657404312 0.9935265491386432 -0.08674445833520936 -2.840122763904765 0.5057222823992978 0.11202104267741643 0.8553924590983413 49.28201263108996
0.8541593566832492 0.018704039012741525 -0.5196748524943938 -13.903292593121712 -0.07088706888869961 0.9942121391625034 -0.08072946058467949 -2.909910613745963 0.5151570797871544 0.10579405118688827 0.8505414756957097 50.17626161730141
0.8500357109630372 0.02304272532949471 -0.5262207929158217 -14.44844476858211 -0.07501292778584819 0.9941554910108599 -0.07763968288160458 -2.9825029766301827 0.5213562608740415 0.10546986537561459 0.8467961719003497 51.01144989214827
0.8458787908825879 0.02322438667596378 -0.532869307615422 -14.993098918986155 -0.07503637685317548 0.9942973636795751 -0.07577793035310885 -3.063241680372819 0.5280706517917482 0.10408352628239408 0.8427977255978205 51.846215199384744
0.8414566380359367 0.020892672507520887 -0.5399205705849284 -15.465115719689662 -0.07194291128700062 0.9946871962474101 -0.07363150913177689 -3.170878631037941 0.5355137195448977 0.10080117983915557 0.8384892237364902 52.721209157481105
0.8372545306504436 0.01954027838636486 -0.5464641144905044 -15.963055074923208 -0.06966932382099639 0.9950286761833583 -0.07116262285164354 -3.2557418804941554 0.5423569269619707 0.09765301374450006 0.8344536252440772 53.584258766368876
0.8342775887957798 0.018634712391642418 -0.5510296292643285 -16.55893424533793 -0.06783283422980509 0.9953049320140421 -0.0690420082911964 -3.3238372988075313 0.5471559297252055 0.09497810170039543 0.8316246441537999 54.3844406383646
0.8309822393521734 0.01652183212057161 -0.5560535468321647 -17.089744372958833 -0.06545819365654593 0.9955190148708669 -0.06824306494997844 -3.4131450683579647 0.5524343786953093 0.09310703568433788 0.8283401095815666 55.22721268981921
0.8242655928013671 0.01666331852334287 -0.5659580959219553 -17.134233763440637 -0.06471582115423294 0.9957888573960666 -0.06493392008938738 -3.708553511778731 0.562492751078757 0.09014923905187058 0.8218728731879518 56.1815472986909
0.8223441671636669 0.018595005311646436 -0.5686864659101355 -17.679508098142136 -0.0686130921898368 0.9954132124858562 -0.06666918320140275 -3.754009638950103 0.5648383081130814 0.0938443508478437 0.8198481100191044 57.01857157576918
0.8228234183309815 0.02214042117001652 -0.5678656742545177 -18.314304138179182 -0.07229718126855338 0.9951999977572893 -0.06595515176632502 -3.828801593443078 0.5636796429060972 0.09532453102067395 0.820474554120323 57.78762303769901
0.8167430784999886 0.026383044564031594 -0.5763980210600126 -18.29487634956133 -0.07487203270648367 0.9953542136131788 -0.06053237283384613 -4.082856346607348 0.5721231706903372 0.09259548802198209 0.8149240167998519 58.7546177343877
0.816237650704848 0.021507890438413117 -0.5773157786001739 -18.8692921630466 -0.06674442536941558 0.9961259667083399 -0.057255917873070314 -4.259519659655228 0.5738477840455094 0.08526704579302988 0.8145110506603255 59.55389024551329
0.8153366096538706 0.016555236186108883 -0.5787504964256699 -19.42166822119449 -0.06037707981544128 0.9965723993467036 -0.05655140222240705 -4.31560492954299 0.5758305490255758 0.08105169347510922 0.8135415181745308 60.38559640329175
0.8148837377949788 0.013352500333140093 -0.5794706244600698 -20.083193015153917 -0.056597095858306724 0.9967902442797455 -0.05662135329658476 -4.370571486874736 0.5768546286697323 0.078936174492971 0.8130238727975457 61.13350256354986
0.809047869090593 0.011584480704808088 -0.587628577697491 -20.422090846782428 -0.05513028941170545 0.9968934265384148 -0.05625075389615342 -4.372183668094232 0.585151430579604 0.07790568612947421 0.8071731582252583 62.07432436420565
0.8063179791785974 0.013061116056207663 -0.591338079021396 -20.998963356713084 -0.0550342537407551 0.9970758300664169 -0.05301905329756518 -4.404070354544502 0.5889164179818271 0.07529406580028968 0.8046789771621439 62.890535946158224
0.8028500928536503 0.013030124660631023 -0.5960385425928588 -21.59522150300208 -0.05240114604034223 0.9974341209464103 -0.04877801006115767 -4.473440474653143 0.5938735962294914 0.07039453262289826 0.8014728700824835 63.690325924477605
0.7961411899302668 0.01052849422775228 -0.6050193025893643 -22.04036906025025 -0.047076913285904035 0.9978958498759529 -0.044582923141343975 -4.608646054498493 0.6032768600998181 0.06397674272461748 0.7949616383565007 64.57551692276819
0.7236528379111592 -0.00974494427025478 -0.6900953602541472 -21.52278564905351 -0.057614963179157444 0.9955571225587606 -0.07447504105666122 -4.383740397265657 0.6877551062703892 0.09365389358535335 0.7198762824369952 65.40106211099148
0.7158116274429063 -0.013711889194741303 -0.69815879147387 -22.22215178259531 -0.056594099022148056 0.9953789843049174 -0.07757438726789048 -4.438518502868615 0.6959962801433734 0.09504031617597065 0.7117278386628961 66.11372358069595
0.6815966270222372 -0.010315615549785473 -0.7316554012017842 -21.953438884507722 -0.06090620476992759 0.9956310164292722 -0.07077650277136054 -4.617349551321275 0.7291889139670434 0.09280337924800919 0.6779904575639046 67.06019747600986
0.6750034596365854 -0.0038979884855464115 -0.7378042661603501 -22.723799308242615 -0.06517824831141517 0.9957614810324582 -0.06489120771805282 -4.71228703881308 0.734930013964391 0.091890579374703 0.6718883806083275 67.69069861876199
0.6690285699862805 0.0027330664423110343 -0.7432316616573464 -23.48803381161021 -0.07143946919756976 0.9955995522187543 -0.06064597152814038 -4.767328323730446 0.7397953600712066 0.09366996300652919 0.6662797935158086 68.33328408453065
0.6612276543252901 -0.0002489238087177795 -0.7501852619136274 -24.15727776363969 -0.06670613753923502 0.9960192472156938 -0.05912656247817973 -4.941849360347825 0.7472136778526441 0.08913807947688235 0.6585788657534473 69.05554092281601
0.6557842800255936 -0.003409085365133516 -0.7549406309162945 -24.878064056878273 -0.06838382220132846 0.9956107196293731 -0.06389794848213397 -5.010165044480154 0.7518448183850538 0.09352899601760781 0.6526727326704272 69.74532356015978
0.6148346527033033 0.019717636137347692 -0.788409515835755 -24.4439108856448 -0.08197458883537725 0.9958702325620711 -0.039021105597403516 -5.556473412915357 0.7843841639276528 0.0886210738026139 0.6139118736900172 70.46160436437387
0.6118499934948678 0.01939869288777239 -0.7907359079835581 -25.28287591094409 -0.0838207381686753 0.9956602428383511 -0.0404322233365961 -5.562370033219426 0.7865199738806334 0.09101852308913948 0.6108207258610978 71.00575775836637
0.607936311693813 0.022790030344169536 -0.7936586517143506 -26.088179519473453 -0.08453931846838385 0.995763699291099 -0.036162947985660686 -5.604571126102818 0.7894723203235361 0.08908013073084599 0.6072875642987812 71.59711650384075
0.605620367464382 0.027958579839254826 -0.7952624021828802 -26.94706228368564 -0.08510881521382396 0.9959259205538191 -0.029800173521873002 -5.663653386440406 0.7911892694451879 0.08573143287270422 0.6055325435782805 72.10586957149995
0.6020787671522125 0.031195408447437508 -0.7978270518328366 -27.75848208451312 -0.08698276411608098 0.9958518676265153 -0.026703117636599345 -5.7146132655304465 0.7936845449491899 0.08547458240076872 0.6022947275812823 72.68810749327096
0.5982570092923206 0.03203937890961789 -0.8006634930054578 -28.568694802601904 -0.08904069000689344 0.9956703652376928 -0.026688561417623317 -5.75318104505562 0.7963418275814157 0.08725824881655776 0.5985195833535927 73.27297318540009
0.5907798761677294 0.03030173585408595 -0.8062635690141767 -29.305295986066337 -0.09155253756294855 0.9953579728119273 -0.02967555939695229 -5.780801156922709 0.801621650643888 0.09134719899354737 0.5908116607303899 73.94873632877153
0.5843957863323197 0.027112167737561095 -0.8110157182679053 -30.083432876811028 -0.09091483015236859 0.9953367701370102 -0.032236744122157386 -5.823023997545226 0.8063597575371676 0.09257237370729027 0.5841355125746058 74.57541025593936
0.5779433155201751 0.02518660527128452 -0.8156881505578355 -30.898188237521236 -0.0876581357195847 0.9956567056642948 -0.03136519899342426 -5.888996727534346 0.8113553939475096 0.08962900970466625 0.5776409484546972 75.1514495784615
0.5707479180929086 0.025458949254627966 -0.8207305623013362 -31.70168517224244 -0.08819400542282467 0.9956378897286059 -0.030446838000893664 -5.932975611173527 0.816375300581843 0.08976098506380513 0.5705035794456345 75.7451317608516
0.5635606757642935 0.025424679201377257 -0.8256833233265686 -32.52345807510419 -0.08809518373072714 0.9956760538142504 -0.029469212143126537 -5.972043590198104 0.8213638678049747 0.08934641318147425 0.5633636615154178 76.31360602512143
0.5567583692796998 0.023685216104049257 -0.8303367562471993 -33.35812853889878 -0.08639724025445465 0.9958231581437587 -0.029525490360191805 -6.015111767004115 0.8261692533091688 0.08817736808671879 0.5564792149252936 76.86266918088361
0.549662541346695 0.022172461442087857 -0.8350924934364449 -34.19460238295622 -0.08528645775843646 0.9959139068307002 -0.029693607127374823 -6.051338702132288 0.8310218473441698 0.08754354422123883 0.5493075796872534 77.40947729839742
0.5431601404536559 0.022546384347967997 -0.8393263503400841 -35.03831186438159 -0.0883329957642785 0.9956264293093563 -0.030418664007716954 -6.109790709643485 0.8349696663242792 0.09066241676428295 0.5427761808561442 77.94308546341259
0.5354868762801743 0.02026384926848265 -0.844300409655552 -35.883943020902734 -0.08579581393427549 0.9958453605396145 -0.030513869028444846 -6.145575520004131 0.8401743174145843 0.08877721726070502 0.5350006748148867 78.47565226154046
0.526960671130414 0.01903994334549989 -0.8496763687658916 -36.7086340425021 -0.08608462373945973 0.995803102890403 -0.031074391860282068 -6.212205761122313 0.8455187098092066 0.08951905289518654 0.526388117771787 79.0372972827611
0.5206321694934973 0.02048342187619846 -0.8535353381768933 -37.59353453407715 -0.08999156364591746 0.9954598626194389 -0.031002909319203076 -6.280621339584946 0.8490251248114302 0.09295209164905238 0.5201117630827088 79.49802543322932
0.513655592398547 0.02341744117920477 -0.857676836486986 -38.47498505926238 -0.09448430340922814 0.995091645621808 -0.02941654675449671 -6.344541172140222 0.8527781943782208 0.09614697219520378 0.5133469693401518 79.96595622582241
0.5068073294543849 0.023011076615309142 -0.8617521808294579 -39.370611697863865 -0.09424113134727198 0.9951312405533862 -0.028851745823586843 -6.3555506572312135 0.856892607024771 0.09583477671329575 0.5065083963752296 80.41062657053345
0.4994649758939929 0.023546130162414067 -0.866014040076485 -40.2520775415379 -0.09939872829210183 0.9945866940455047 -0.030285323864027266 -6.405955595584575 0.8606129389389493 0.10120715282039501 0.4991016745602616 80.88017668354124
0.48975290906656216 0.017995282512340116 -0.8716755462143863 -41.12328080056419 -0.09157660677798189 0.9953183532772583 -0.0309047038568611 -6.410046620489569 0.8670385303732933 0.09496075735139466 0.48910800587536185 81.37108211738487
0.48079681084301185 0.017739015909294317 -0.8766525845497557 -41.96304062227609 -0.09111399782085529 0.9953936138942278 -0.02982939522841728 -6.450851655169862 0.8720852401481748 0.09421719977351142 0.48019834775074155 81.91250467969932
0.4722392212605823 0.01937433505328786 -0.881257483965072 -42.82207638636033 -0.09492305612570336 0.9950624046543606 -0.028990071735707307 -6.502021029752448 0.8763445277509095 0.09734190251237071 0.4717465661733119 82.42185647475755
0.4661795285975415 0.019604441575252464 -0.884472901216936 -43.710891361115685 -0.09624393672720954 0.9949446671270975 -0.028674274159975685 -6.5363282020478 0.8794394531517402 0.09849251355242758 0.4657096445364819 82.8788367353594
0.4596949595575382 0.021132864865909044 -0.8878254029818926 -44.59064603134008 -0.10511079824726925 0.9939845518469854 -0.030764115156678342 -6.5931406334786 0.8818346014129995 0.10746214548440268 0.45915098065741794 83.35085799319985
0.45342077648938073 0.018653856056869866 -0.8911013596117919 -45.49807355049067 -0.10335609855337234 0.9941365800988728 -0.0317801353229793 -6.629465339019578 0.8852836360961389 0.106510533580163 0.4526901698699356 83.76949365013266
0.4463412682542452 0.015642551922685932 -0.8947260937418476 -46.3891354261392 -0.10469702532869259 0.9938932667167771 -0.034852650722436145 -6.649543440795342 0.8887170557272562 0.10923133682420666 0.445253309830569 84.22293119114003
0.4401000849631027 0.015189771590869315 -0.8978202415041079 -47.286805201071786 -0.10623793410454208 0.9937152154297835 -0.03526431596588433 -6.688274927907006 0.8916419777986436 0.11090239610738861 0.4389478806931026 84.66189456897308
0.43473494742226704 0.015053227694280948 -0.9004326325859977 -48.213799048326756 -0.1039886173211508 0.9940111483737198 -0.033588753719026164 -6.699316127688823 0.8945344559922785 0.10823694953548181 0.4336967486595383 85.03680855785427
0.4279827111836464 0.01340190946386089 -0.9036875498481906 -49.123332872052366 -0.09875465307541195 0.9945965303628438 -0.032019685915875506 -6.7153156918376595 0.8983753766794028 0.10294722246335199 0.42699362051818257 85.45213040587834
0.42256570029458157 0.01182313729769552 -0.9062551750798434 -50.05997670045933 -0.09659069979552869 0.9948077299028258 -0.03205958887135265 -6.736976019036421 0.9011706085129322 0.10108310417686123 0.42151363015020654 85.8017432902702
0.4170204118747248 0.011497497018755243 -0.9088243964827014 -50.966896394260004 -0.09742838237541358 0.9947240424536405 -0.03212148303552714 -6.784524982014257 0.9036601608943227 0.10194060489812397 0.4159404124216051 86.22035500190309
0.4127294784743091 0.011377657739525628 -0.9107825901403117 -51.89831751618336 -0.0981420482780797 0.9946562366105615 -0.03204854648031864 -6.8064897485853795 0.9055509460864785 0.10261344880706694 0.4116405764326533 86.58363484261065
0.4090511610494699 0.011562573265959962 -0.9124381921771784 -52.81623017414188 -0.09579718479358744 0.994938431151109 -0.030338384996506543 -6.888063537679119 0.9074690336478222 0.0998189617159113 0.40808838240294104 86.97194151174268
0.40808406950854476 0.008947442290059348 -0.9129005068953675 -53.7934331468357 -0.09299017031848335 0.9951586060493138 -0.031814729766723754 -6.880639763920434 0.9081961354451432 0.09787385801354952 0.4069403979455153 87.18411888504515
0.4034323552869278 0.004232721563713525 -0.9149996823911002 -54.71639626747151 -0.0893026139014561 0.9953974616305448 -0.034769764592814174 -6.91398387121426 0.9106411905124971 0.09573911137897867 0.4019535354917897 87.56756020839853
0.39889529319199934 0.0007616960799349974 -0.916996164053241 -55.66193793565201 -0.0846303140528 0.9957623351667397 -0.03598724505445952 -6.944535230967516 0.913082830313111 0.09196081601621019 0.3972693712143374 87.89162435043166
0.39107374178033555 -0.001728106260585513 -0.9203577250931768 -56.58096379132764 -0.0787555892085847 0.9962675295426413 -0.03533506399334972 -6.988578268285296 0.9169835798193681 0.08630193061431325 0.3894779725657178 88.28335345001899
0.381781179582493 -0.003958831675549461 -0.9242442634760428 -57.50841044162216 -0.07466637646384916 0.9965902461669767 -0.03511144358477674 -7.036318396997811 0.9212318183510413 0.08241485846989627 0.38018380812578545 88.65424911050586
0.37153999623067313 -0.00544353597445622 -0.9284009904761058 -58.44055255365333 -0.0701968732610131 0.9969556775679045 -0.03393782476085835 -7.048576223531219 0.9257593802848003 0.0777801059475777 0.37002678948083034 89.01613421474026
0.3614030281903999 -0.003982397775289464 -0.9324011967617676 -59.38363227011345 -0.06858848166133595 0.9971681167804448 -0.030844238683015054 -7.07329390510071 0.9298835794862763 0.07509918364737232 0.36010643040258605 89.34778114238975
0.3519733370021512 -0.004830346345013662 -0.9359975629208475 -60.338996014336615 -0.06901246135204009 0.997131002238926 -0.031097339952625366 -7.089154048608959 0.933462398930836 0.07554093015169552 0.3506301721958758 89.6427871966866
0.3410217466784401 -0.006273566069966169 -0.9400344731238105 -61.2829305512197 -0.06900125364385774 0.9971132302626138 -0.03168648025315724 -7.133214974692513 0.9375195972820883 0.07566933595601098 0.3396044114966866 89.96996639051162
0.32959255231841084 -0.008062127129605747 -0.9440888472820713 -62.227101539802014 -0.06920281712733871 0.9970673877925808 -0.03267406161041055 -7.184343788143528 0.9415836232421865 0.07610273521120667 0.3280680632665935 90.29543065699043
0.3180167456905833 -0.00871929977104518 -0.948045000657607 -63.16354078156325 -0.06850793344092704 0.9971323638695051 -0.0321513915665618 -7.243063029052493 0.945606690181512 0.07517328471947736 0.31650744817216575 90.6413115573546
0.3093830043801317 -0.008250308189886011 -0.9509017241626516 -64.1340000244667 -0.06876258931718898 0.9971505491585354 -0.031024000761133614 -7.287659400982053 0.9484481340121497 0.07498476330297503 0.30793412016415805 90.87841917316224
0.2980229377985668 -0.006778194673577857 -0.9545346429663448 -65.09152211341699 -0.0683220707765855 0.9972586415670751 -0.028412962967473605 -7.363225877818648 0.9521105099675773 0.07368349813057842 0.2967428498085956 91.15670168563976
0.28664770865166295 -0.009493334667699702 -0.9579890227563397 -66.05884466175442 -0.0655331972630919 0.9974144463569384 -0.029492749192950033 -7.363733797040978 0.9557920752868988 0.07123411258216601 0.2852844370508142 91.41025016127317
0.27462932789584554 -0.009627839296083279 -0.9615019693011415 -67.0123311964869 -0.0673632340481583 0.9973003460664259 -0.029226947058488106 -7.4461971260755595 0.9591876390769731 0.07279645902291888 0.2732393613586303 91.70018675339013
0.26477341855986414 -0.010070558714374865 -0.9642580674649869 -67.99161915157826 -0.06974594601676004 0.9971265723316096 -0.029565212064889223 -7.490502893284244 0.9617850798584673 0.07508117338850737 0.26331023064866227 91.89775218560193
0.25367694145031044 -0.01083170269350085 -0.9672283513179208 -68.96284380273023 -0.0706403752735628 0.9970598160280505 -0.029692770893268158 -7.5463989948792225 0.9647061452886232 0.07585774501571743 0.25216592902987817 92.1292652582808
0.24246034409197356 -0.010616704412738785 -0.9701032249870228 -69.93252150673946 -0.07009047641675667 0.9971354149250647 -0.028430431194251187 -7.586764866698093 0.9676261192518946 0.07488824934281489 0.24102166593875313 92.37029585123467
0.23474793107027908 -0.007741431379576858 -0.9720254518778956 -70.91927585747621 -0.07154899583247408 0.9971181778929551 -0.02522063660571758 -7.6386737529145785 0.969419491269696 0.0754679372689389 0.23351753765141686 92.52398813742323
0.225802406479087 -0.0055233927699853665 -0.97415746435603 -71.89099684099396 -0.0711469499287069 0.9972199802358955 -0.022145485638437896 -7.6753952323861165 0.9715716055670336 0.07430883628902307 0.2247816987774439 92.75724735618361
0.21913244260741457 -0.0036091898807809573 -0.9756884473771946 -72.87411416802392 -0.07504252400605335 0.9969687305330049 -0.020541906683889416 -7.745297434988581 0.9728050124190961 0.07771952192218758 0.21819735040663357 92.92634497108344
0.20968484621453948 -0.006273899345176647 -0.977748895910908 -73.849287314911 -0.06987756759071564 0.9973263243195468 -0.021385237124410643 -7.786633811897023 0.9752688812915123 0.072806874718457 0.2086858121151001 93.14389643059236
0.20258840599842615 -0.00804030942818739 -0.9792309692709497 -74.82993916315766 -0.06826912559356735 0.9974173819758405 -0.022313507638874523 -7.851108491871084 0.9768813972257402 0.07137169997106378 0.20151629263543874 93.3287341112006
0.19630211386452054 -0.010757279728958307 -0.980484452209805 -75.8109878291068 -0.06585450610386787 0.9975374541783606 -0.02412906001424761 -7.880225789837455 0.9783295273670036 0.06930590482916002 0.19511029557066661 93.52029532334593
0.19133417176056283 -0.012383422911426547 -0.9814468327697143 -76.79142347896924 -0.06651451052246396 0.9974582138148407 -0.025552525966435972 -7.948273329125342 0.9792686325042098 0.0701695270776795 0.1900241638924804 93.70499905605232
0.18663811099474403 -0.013153538819950216 -0.9823406740743422 -77.77369866529726 -0.06275674968476676 0.9977085630274187 -0.025282674517697362 -7.965975283040332 0.9804222589748386 0.06636721840092746 0.18538496818351913 93.89160585965773
0.18437274596321426 -0.007337012219223769 -0.9828290079142386 -78.76122077228821 -0.061905572326619966 0.9978999530513022 -0.01906262875690641 -8.063993833440074 0.9809048835951965 0.06435722144332419 0.18353135260002637 94.01486352465948
0.1801960871056164 -0.0027669684962931367 -0.9836268164691186 -79.74247641753139 -0.05895944711367367 0.9981676107723553 -0.013608982366786008 -8.14054486822924 0.9818620849120732 0.060446378637187465 0.17970275880401157 94.19171741280195
0.1768858135228895 -4.561872992433044e-05 -0.9842313787383963 -80.7229082766186 -0.06040881367053029 0.9981141726233002 -0.01090291884891771 -8.201084864941533 0.9823757856366743 0.061384821637262305 0.1765494816398359 94.37903606773224
0.172153941550014 -0.00047751768471445517 -0.9850699428901799 -81.70330864166864 -0.05600302602286623 0.9983777655834218 -0.010271234830264608 -8.204850248956824 0.9834768332223616 0.05693513120663848 0.17184792506575203 94.57601562528318
0.1701853137066419 0.0010799480012248606 -0.9854114839552527 -82.69180194215285 -0.05484040045977377 0.9984599927551034 -0.00837695319871536 -8.22664686004621 0.983884896456893 0.05546599480579619 0.16998245187141503 94.72570163880098
0.17349758515599625 0.01396348333134877 -0.9847352989906981 -83.657569217186 -0.06384045785645358 0.9979558948214873 0.0029030900307314544 -8.484012278976722 0.9827629337158192 0.06236227324515654 0.17403437301285696 94.75820720161413
0.1728108829904242 0.014607350011115803 -0.9848467007843047 -84.64735610922513 -0.06235991351544801 0.9980462589836303 0.003860843836320405 -8.514805643239606 0.9829789620874012 0.06074775925444185 0.17338416836362716 94.89739655848055
0.17072403412961898 0.014944670618045254 -0.9852055425090916 -85.63403045143279 -0.06133975154001934 0.9981067509376751 0.0045109437647578975 -8.524354258894201 0.9834077176082797 0.059662136676107355 0.17131751339463844 95.05982366942011
0.16839240951332174 0.016778166477907322 -0.9855772367237102 -86.6188332306131 -0.057784610492967785 0.9983036696595997 0.007121933329836996 -8.535737603564568 0.9840248651373005 0.05575191722101077 0.16907628017467663 95.23312659952477
0.16600694666717114 0.017989639239204176 -0.9859604791969573 -87.60396551992858 -0.05560160445813861 0.998413765674448 0.00885517325923108 -8.540217167890155 0.9845558162135514 0.0533509643006925 0.16674387355540388 95.40486566337314
0.1658800069934895 0.013345741012209112 -0.9860556345747853 -88.5923163883964 -0.051486996556057804 0.9986618641746825 0.004854917999949636 -8.470887253777832 0.9848009506826673 0.049963709229649066 0.16634516913495467 95.54034969862484
0.16506631984853445 0.01413929981076888 -0.9861811143256244 -89.5762991741113 -0.0529486672567365 0.9985823381605298 0.005454589772499296 -8.514497620322732 0.9848601670731765 0.05131660661727529 0.16558096870682049 95.71319649016746
0.1649154963342295 0.011311841524054206 -0.9862428308029304 -90.5664349022244 -0.05076468184529837 0.9987062376658828 0.0029661295326313853 -8.50225141596478 0.9850004193633569 0.04957714280385158 0.16527637691280656 95.85277181174251
0.16614873457616136 0.010715967544820912 -0.9860424767921142 -91.55641798927506 -0.05167539616711451 0.9986616289247329 0.002145773606840141 -8.526504373080938 0.98474578010252 0.05059761805637187 0.16648011778379848 95.99185912757244
0.16814494965346263 0.009808554996928516 -0.9857134817759746 -92.54193720793536 -0.05358434102154078 0.9985630100045417 0.0007958944386454705 -8.533084995397253 0.9843048279386474 0.052684981726698554 0.1684289119989012 96.16129514812626
0.17314866810238333 0.008629055840874682 -0.9848578974297123 -93.52977854461999 -0.05579816822755098 0.9984415039939792 -0.0010618496557474964 -8.543096720625757 0.9833138375700959 0.055137124494632685 0.17336030210414544 96.31643785306302
0.1771685441343654 0.008505359651113634 -0.9841437729450522 -94.51066458203461 -0.05951379847499838 0.9982253017587005 -0.0020867965472974167 -8.577610523178244 0.982379465766867 0.05893984887966536 0.17736030969090366 96.5079355789984
0.18358416575901318 0.007341785889468709 -0.9829765776774787 -95.49552947144683 -0.05882309146364825 0.9982621813057293 -0.0035300545870804788 -8.582771601658733 0.9812424256998038 0.058469783261799 0.18369699630666117 96.68118254974239
0.1937612452363563 0.006148459834346782 -0.981029447206418 -96.4842530983799 -0.057995035489939395 0.9983033402121165 -0.005197766814026862 -8.56810705583546 0.9793330157321288 0.05790196337774574 0.19378907846940835 96.8302145618744
0.20366365974602008 0.005081566253628917 -0.9790277275865457 -97.47253179097056 -0.0589088211666867 0.9982383077183603 -0.007073315512344878 -8.559783371820927 0.977267038473936 0.059113946645405584 0.20360421612627017 96.98264796390853
0.21406813832775032 0.0047408178064341925 -0.9768072260172043 -98.45619506605136 -0.059314896032285715 0.998206016584862 -0.00815423586013032 -8.561189234061477 0.9750161923073786 0.059684781144859 0.21396530475317102 97.16266069903767
0.22467199079068606 0.005165937722337658 -0.9744207559579213 -99.431368455357 -0.060851020926992745 0.9981086038611635 -0.008738887255402835 -8.588966448755784 0.9725325957551766 0.06125788100945778 0.22456139963924288 97.38235432009658
0.23840498785812872 0.004107942277130555 -0.971157137941446 -100.41703886953884 -0.0640953218646736 0.9978773616708031 -0.011513504244242374 -8.590671000170682 0.969048425765936 0.06499150617708474 0.23816224017547694 97.551028352215
0.24980786837765814 0.002640664806167425 -0.9682918236699095 -101.38852042411354 -0.06631531989106215 0.9976949793846284 -0.014387719014934902 -8.623827439409517 0.966021897911412 0.06780674745250699 0.24940717262250506 97.78581387063157
0.2609522022001189 0.00030602134685641546 -0.9653516740120412 -102.35436186821892 -0.0678370080845515 0.9975336440026722 -0.01802136001770197 -8.638792966449998 0.9629652582004474 0.07018928289764949 0.2603293607437808 98.04451512275229
0.27452037296728043 0.0002656193360621854 -0.961581246838914 -103.31831492752806 -0.06954981271212166 0.9973863047258418 -0.019580160802194883 -8.659186853231756 0.9590627656090213 0.07225294867131185 0.2738213341408649 98.30980475472168
0.2877610643070907 0.0031577110748272287 -0.9576970286732782 -104.27483096808143 -0.07183254566871254 0.9972488949791123 -0.018295541688960217 -8.700848668026929 0.9550045315345961 0.07405856009745256 0.287196229823244 98.59849378699012
0.302130210148343 0.0052026147630597815 -0.953252468612252 -105.23545891591164 -0.07288318315057392 0.9971841591368584 -0.017657700313387422 -8.730521405241152 0.9504763951459124 0.07481099896502269 0.30165864268124903 98.87474272275955
0.3151265370624152 0.005247738583575897 -0.9490351557654835 -106.18777011394478 -0.07294777527524673 0.9971602766346884 -0.018708414797208767 -8.75731691939951 0.9462419815889866 0.07512552124005994 0.31461447572698076 99.17869236089336
0.3327572921911356 0.004846195522973412 -0.943000052429788 -107.14061325345645 -0.07204372350974597 0.9971949239962282 -0.020297424935399253 -8.812066464978423 0.9402565003213136 0.07469135120688294 0.332173020666055 99.47717592617703
